{
 "cells": [
  {
   "cell_type": "markdown",
   "metadata": {},
   "source": [
    "# Kings County Housing Prices Bakeoff\n",
    "\n",
    "Below are a list of steps that you should take while trying to complete your bake-off entry."
   ]
  },
  {
   "cell_type": "markdown",
   "metadata": {},
   "source": [
    "## Step 1: Read in Data"
   ]
  },
  {
   "cell_type": "code",
   "execution_count": 354,
   "metadata": {},
   "outputs": [],
   "source": [
    "import matplotlib.pyplot as plt\n",
    "from math import exp\n",
    "from scipy import stats\n",
    "import seaborn as sns\n",
    "import pandas as pd\n",
    "import matplotlib.pyplot as plt\n",
    "import statsmodels.api as sm\n",
    "import statsmodels.formula.api as smf\n",
    "from sklearn.model_selection import train_test_split\n",
    "from sklearn.linear_model import LinearRegression\n",
    "from sklearn import metrics\n",
    "import numpy as np"
   ]
  },
  {
   "cell_type": "code",
   "execution_count": 498,
   "metadata": {},
   "outputs": [],
   "source": [
    "kc_df= pd.read_csv('kc_house_data_train.csv', index_col=0)\n",
    "kc_df_test = pd.read_csv('kc_house_data_test_features.csv', index_col=0)\n",
    "zip_score = pd.read_csv('Niche.csv')[['zipcode', 'school_grade', 'population']]\n",
    "kc_df = zip_score.set_index('zipcode').join(kc_df.set_index('zipcode'))"
   ]
  },
  {
   "cell_type": "code",
   "execution_count": 499,
   "metadata": {},
   "outputs": [
    {
     "data": {
      "text/html": [
       "<div>\n",
       "<style scoped>\n",
       "    .dataframe tbody tr th:only-of-type {\n",
       "        vertical-align: middle;\n",
       "    }\n",
       "\n",
       "    .dataframe tbody tr th {\n",
       "        vertical-align: top;\n",
       "    }\n",
       "\n",
       "    .dataframe thead th {\n",
       "        text-align: right;\n",
       "    }\n",
       "</style>\n",
       "<table border=\"1\" class=\"dataframe\">\n",
       "  <thead>\n",
       "    <tr style=\"text-align: right;\">\n",
       "      <th></th>\n",
       "      <th>population</th>\n",
       "      <th>id</th>\n",
       "      <th>price</th>\n",
       "      <th>bedrooms</th>\n",
       "      <th>bathrooms</th>\n",
       "      <th>sqft_living</th>\n",
       "      <th>sqft_lot</th>\n",
       "      <th>floors</th>\n",
       "      <th>waterfront</th>\n",
       "      <th>view</th>\n",
       "      <th>condition</th>\n",
       "      <th>grade</th>\n",
       "      <th>sqft_above</th>\n",
       "      <th>sqft_basement</th>\n",
       "      <th>yr_built</th>\n",
       "      <th>yr_renovated</th>\n",
       "      <th>lat</th>\n",
       "      <th>long</th>\n",
       "      <th>sqft_living15</th>\n",
       "      <th>sqft_lot15</th>\n",
       "    </tr>\n",
       "  </thead>\n",
       "  <tbody>\n",
       "    <tr>\n",
       "      <th>count</th>\n",
       "      <td>17290.000000</td>\n",
       "      <td>1.729000e+04</td>\n",
       "      <td>1.729000e+04</td>\n",
       "      <td>17290.000000</td>\n",
       "      <td>17290.000000</td>\n",
       "      <td>17290.000000</td>\n",
       "      <td>1.729000e+04</td>\n",
       "      <td>17290.000000</td>\n",
       "      <td>17290.000000</td>\n",
       "      <td>17290.000000</td>\n",
       "      <td>17290.000000</td>\n",
       "      <td>17290.000000</td>\n",
       "      <td>17290.000000</td>\n",
       "      <td>17290.000000</td>\n",
       "      <td>17290.000000</td>\n",
       "      <td>17290.000000</td>\n",
       "      <td>17290.000000</td>\n",
       "      <td>17290.000000</td>\n",
       "      <td>17290.000000</td>\n",
       "      <td>17290.000000</td>\n",
       "    </tr>\n",
       "    <tr>\n",
       "      <th>mean</th>\n",
       "      <td>34178.938230</td>\n",
       "      <td>4.565502e+09</td>\n",
       "      <td>5.407395e+05</td>\n",
       "      <td>3.372470</td>\n",
       "      <td>2.111943</td>\n",
       "      <td>2081.464604</td>\n",
       "      <td>1.524340e+04</td>\n",
       "      <td>1.490312</td>\n",
       "      <td>0.007981</td>\n",
       "      <td>0.238519</td>\n",
       "      <td>3.408502</td>\n",
       "      <td>7.654425</td>\n",
       "      <td>1789.306015</td>\n",
       "      <td>292.158589</td>\n",
       "      <td>1970.792019</td>\n",
       "      <td>83.806304</td>\n",
       "      <td>47.560058</td>\n",
       "      <td>-122.214258</td>\n",
       "      <td>1987.986698</td>\n",
       "      <td>12873.475824</td>\n",
       "    </tr>\n",
       "    <tr>\n",
       "      <th>std</th>\n",
       "      <td>12365.309821</td>\n",
       "      <td>2.874656e+09</td>\n",
       "      <td>3.733190e+05</td>\n",
       "      <td>0.939346</td>\n",
       "      <td>0.770476</td>\n",
       "      <td>920.018539</td>\n",
       "      <td>4.230462e+04</td>\n",
       "      <td>0.538909</td>\n",
       "      <td>0.088985</td>\n",
       "      <td>0.775229</td>\n",
       "      <td>0.651296</td>\n",
       "      <td>1.174718</td>\n",
       "      <td>829.265107</td>\n",
       "      <td>443.151874</td>\n",
       "      <td>29.343516</td>\n",
       "      <td>400.329376</td>\n",
       "      <td>0.138412</td>\n",
       "      <td>0.140857</td>\n",
       "      <td>684.802635</td>\n",
       "      <td>27227.437583</td>\n",
       "    </tr>\n",
       "    <tr>\n",
       "      <th>min</th>\n",
       "      <td>3260.000000</td>\n",
       "      <td>1.000102e+06</td>\n",
       "      <td>7.500000e+04</td>\n",
       "      <td>0.000000</td>\n",
       "      <td>0.000000</td>\n",
       "      <td>290.000000</td>\n",
       "      <td>5.720000e+02</td>\n",
       "      <td>1.000000</td>\n",
       "      <td>0.000000</td>\n",
       "      <td>0.000000</td>\n",
       "      <td>1.000000</td>\n",
       "      <td>1.000000</td>\n",
       "      <td>290.000000</td>\n",
       "      <td>0.000000</td>\n",
       "      <td>1900.000000</td>\n",
       "      <td>0.000000</td>\n",
       "      <td>47.155900</td>\n",
       "      <td>-122.519000</td>\n",
       "      <td>399.000000</td>\n",
       "      <td>659.000000</td>\n",
       "    </tr>\n",
       "    <tr>\n",
       "      <th>25%</th>\n",
       "      <td>25426.000000</td>\n",
       "      <td>2.114701e+09</td>\n",
       "      <td>3.210000e+05</td>\n",
       "      <td>3.000000</td>\n",
       "      <td>1.500000</td>\n",
       "      <td>1430.000000</td>\n",
       "      <td>5.081250e+03</td>\n",
       "      <td>1.000000</td>\n",
       "      <td>0.000000</td>\n",
       "      <td>0.000000</td>\n",
       "      <td>3.000000</td>\n",
       "      <td>7.000000</td>\n",
       "      <td>1200.000000</td>\n",
       "      <td>0.000000</td>\n",
       "      <td>1951.000000</td>\n",
       "      <td>0.000000</td>\n",
       "      <td>47.471200</td>\n",
       "      <td>-122.329000</td>\n",
       "      <td>1490.000000</td>\n",
       "      <td>5111.250000</td>\n",
       "    </tr>\n",
       "    <tr>\n",
       "      <th>50%</th>\n",
       "      <td>35028.000000</td>\n",
       "      <td>3.903650e+09</td>\n",
       "      <td>4.500000e+05</td>\n",
       "      <td>3.000000</td>\n",
       "      <td>2.250000</td>\n",
       "      <td>1920.000000</td>\n",
       "      <td>7.642000e+03</td>\n",
       "      <td>1.500000</td>\n",
       "      <td>0.000000</td>\n",
       "      <td>0.000000</td>\n",
       "      <td>3.000000</td>\n",
       "      <td>7.000000</td>\n",
       "      <td>1560.000000</td>\n",
       "      <td>0.000000</td>\n",
       "      <td>1974.000000</td>\n",
       "      <td>0.000000</td>\n",
       "      <td>47.571600</td>\n",
       "      <td>-122.230000</td>\n",
       "      <td>1840.000000</td>\n",
       "      <td>7622.500000</td>\n",
       "    </tr>\n",
       "    <tr>\n",
       "      <th>75%</th>\n",
       "      <td>43119.000000</td>\n",
       "      <td>7.301150e+09</td>\n",
       "      <td>6.450000e+05</td>\n",
       "      <td>4.000000</td>\n",
       "      <td>2.500000</td>\n",
       "      <td>2550.000000</td>\n",
       "      <td>1.072575e+04</td>\n",
       "      <td>2.000000</td>\n",
       "      <td>0.000000</td>\n",
       "      <td>0.000000</td>\n",
       "      <td>4.000000</td>\n",
       "      <td>8.000000</td>\n",
       "      <td>2214.500000</td>\n",
       "      <td>560.000000</td>\n",
       "      <td>1996.000000</td>\n",
       "      <td>0.000000</td>\n",
       "      <td>47.677900</td>\n",
       "      <td>-122.126000</td>\n",
       "      <td>2360.000000</td>\n",
       "      <td>10101.750000</td>\n",
       "    </tr>\n",
       "    <tr>\n",
       "      <th>max</th>\n",
       "      <td>67779.000000</td>\n",
       "      <td>9.900000e+09</td>\n",
       "      <td>7.700000e+06</td>\n",
       "      <td>33.000000</td>\n",
       "      <td>8.000000</td>\n",
       "      <td>13540.000000</td>\n",
       "      <td>1.651359e+06</td>\n",
       "      <td>3.500000</td>\n",
       "      <td>1.000000</td>\n",
       "      <td>4.000000</td>\n",
       "      <td>5.000000</td>\n",
       "      <td>13.000000</td>\n",
       "      <td>9410.000000</td>\n",
       "      <td>4820.000000</td>\n",
       "      <td>2015.000000</td>\n",
       "      <td>2015.000000</td>\n",
       "      <td>47.777600</td>\n",
       "      <td>-121.315000</td>\n",
       "      <td>6210.000000</td>\n",
       "      <td>858132.000000</td>\n",
       "    </tr>\n",
       "  </tbody>\n",
       "</table>\n",
       "</div>"
      ],
      "text/plain": [
       "         population            id         price      bedrooms     bathrooms  \\\n",
       "count  17290.000000  1.729000e+04  1.729000e+04  17290.000000  17290.000000   \n",
       "mean   34178.938230  4.565502e+09  5.407395e+05      3.372470      2.111943   \n",
       "std    12365.309821  2.874656e+09  3.733190e+05      0.939346      0.770476   \n",
       "min     3260.000000  1.000102e+06  7.500000e+04      0.000000      0.000000   \n",
       "25%    25426.000000  2.114701e+09  3.210000e+05      3.000000      1.500000   \n",
       "50%    35028.000000  3.903650e+09  4.500000e+05      3.000000      2.250000   \n",
       "75%    43119.000000  7.301150e+09  6.450000e+05      4.000000      2.500000   \n",
       "max    67779.000000  9.900000e+09  7.700000e+06     33.000000      8.000000   \n",
       "\n",
       "        sqft_living      sqft_lot        floors    waterfront          view  \\\n",
       "count  17290.000000  1.729000e+04  17290.000000  17290.000000  17290.000000   \n",
       "mean    2081.464604  1.524340e+04      1.490312      0.007981      0.238519   \n",
       "std      920.018539  4.230462e+04      0.538909      0.088985      0.775229   \n",
       "min      290.000000  5.720000e+02      1.000000      0.000000      0.000000   \n",
       "25%     1430.000000  5.081250e+03      1.000000      0.000000      0.000000   \n",
       "50%     1920.000000  7.642000e+03      1.500000      0.000000      0.000000   \n",
       "75%     2550.000000  1.072575e+04      2.000000      0.000000      0.000000   \n",
       "max    13540.000000  1.651359e+06      3.500000      1.000000      4.000000   \n",
       "\n",
       "          condition         grade    sqft_above  sqft_basement      yr_built  \\\n",
       "count  17290.000000  17290.000000  17290.000000   17290.000000  17290.000000   \n",
       "mean       3.408502      7.654425   1789.306015     292.158589   1970.792019   \n",
       "std        0.651296      1.174718    829.265107     443.151874     29.343516   \n",
       "min        1.000000      1.000000    290.000000       0.000000   1900.000000   \n",
       "25%        3.000000      7.000000   1200.000000       0.000000   1951.000000   \n",
       "50%        3.000000      7.000000   1560.000000       0.000000   1974.000000   \n",
       "75%        4.000000      8.000000   2214.500000     560.000000   1996.000000   \n",
       "max        5.000000     13.000000   9410.000000    4820.000000   2015.000000   \n",
       "\n",
       "       yr_renovated           lat          long  sqft_living15     sqft_lot15  \n",
       "count  17290.000000  17290.000000  17290.000000   17290.000000   17290.000000  \n",
       "mean      83.806304     47.560058   -122.214258    1987.986698   12873.475824  \n",
       "std      400.329376      0.138412      0.140857     684.802635   27227.437583  \n",
       "min        0.000000     47.155900   -122.519000     399.000000     659.000000  \n",
       "25%        0.000000     47.471200   -122.329000    1490.000000    5111.250000  \n",
       "50%        0.000000     47.571600   -122.230000    1840.000000    7622.500000  \n",
       "75%        0.000000     47.677900   -122.126000    2360.000000   10101.750000  \n",
       "max     2015.000000     47.777600   -121.315000    6210.000000  858132.000000  "
      ]
     },
     "execution_count": 499,
     "metadata": {},
     "output_type": "execute_result"
    }
   ],
   "source": [
    "kc_df.describe()"
   ]
  },
  {
   "cell_type": "markdown",
   "metadata": {},
   "source": [
    "## Step 2: Exploratory Data Analysis \n",
    "    \n",
    "Become familiar with the data.  Look to see if there are any extreme values.  \n",
    "\n",
    "Additionally create data visualizations to determine if there are any relationships between your features and your target variables.  "
   ]
  },
  {
   "cell_type": "code",
   "execution_count": 500,
   "metadata": {},
   "outputs": [
    {
     "data": {
      "text/plain": [
       "school_grade     0\n",
       "population       0\n",
       "id               0\n",
       "date             0\n",
       "price            0\n",
       "bedrooms         0\n",
       "bathrooms        0\n",
       "sqft_living      0\n",
       "sqft_lot         0\n",
       "floors           0\n",
       "waterfront       0\n",
       "view             0\n",
       "condition        0\n",
       "grade            0\n",
       "sqft_above       0\n",
       "sqft_basement    0\n",
       "yr_built         0\n",
       "yr_renovated     0\n",
       "lat              0\n",
       "long             0\n",
       "sqft_living15    0\n",
       "sqft_lot15       0\n",
       "dtype: int64"
      ]
     },
     "execution_count": 500,
     "metadata": {},
     "output_type": "execute_result"
    }
   ],
   "source": [
    "kc_df.isnull().sum()"
   ]
  },
  {
   "cell_type": "code",
   "execution_count": 501,
   "metadata": {},
   "outputs": [
    {
     "data": {
      "text/html": [
       "<div>\n",
       "<style scoped>\n",
       "    .dataframe tbody tr th:only-of-type {\n",
       "        vertical-align: middle;\n",
       "    }\n",
       "\n",
       "    .dataframe tbody tr th {\n",
       "        vertical-align: top;\n",
       "    }\n",
       "\n",
       "    .dataframe thead th {\n",
       "        text-align: right;\n",
       "    }\n",
       "</style>\n",
       "<table border=\"1\" class=\"dataframe\">\n",
       "  <thead>\n",
       "    <tr style=\"text-align: right;\">\n",
       "      <th></th>\n",
       "      <th>population</th>\n",
       "      <th>id</th>\n",
       "      <th>price</th>\n",
       "      <th>bedrooms</th>\n",
       "      <th>bathrooms</th>\n",
       "      <th>sqft_living</th>\n",
       "      <th>sqft_lot</th>\n",
       "      <th>floors</th>\n",
       "      <th>waterfront</th>\n",
       "      <th>view</th>\n",
       "      <th>condition</th>\n",
       "      <th>grade</th>\n",
       "      <th>sqft_above</th>\n",
       "      <th>sqft_basement</th>\n",
       "      <th>yr_built</th>\n",
       "      <th>yr_renovated</th>\n",
       "      <th>lat</th>\n",
       "      <th>long</th>\n",
       "      <th>sqft_living15</th>\n",
       "      <th>sqft_lot15</th>\n",
       "    </tr>\n",
       "  </thead>\n",
       "  <tbody>\n",
       "    <tr>\n",
       "      <th>population</th>\n",
       "      <td>1.000000</td>\n",
       "      <td>0.035476</td>\n",
       "      <td>-0.101279</td>\n",
       "      <td>0.016303</td>\n",
       "      <td>-0.057795</td>\n",
       "      <td>-0.091031</td>\n",
       "      <td>-0.153364</td>\n",
       "      <td>-0.026913</td>\n",
       "      <td>-0.041528</td>\n",
       "      <td>-0.094833</td>\n",
       "      <td>0.042208</td>\n",
       "      <td>-0.066886</td>\n",
       "      <td>-0.101441</td>\n",
       "      <td>0.000837</td>\n",
       "      <td>-0.034187</td>\n",
       "      <td>-0.027860</td>\n",
       "      <td>-0.017963</td>\n",
       "      <td>-0.212644</td>\n",
       "      <td>-0.097630</td>\n",
       "      <td>-0.181489</td>\n",
       "    </tr>\n",
       "    <tr>\n",
       "      <th>id</th>\n",
       "      <td>0.035476</td>\n",
       "      <td>1.000000</td>\n",
       "      <td>-0.015644</td>\n",
       "      <td>-0.001529</td>\n",
       "      <td>0.003833</td>\n",
       "      <td>-0.014251</td>\n",
       "      <td>-0.129837</td>\n",
       "      <td>0.017126</td>\n",
       "      <td>0.000101</td>\n",
       "      <td>0.012594</td>\n",
       "      <td>-0.014272</td>\n",
       "      <td>0.003163</td>\n",
       "      <td>-0.013932</td>\n",
       "      <td>-0.003516</td>\n",
       "      <td>0.013697</td>\n",
       "      <td>-0.019560</td>\n",
       "      <td>-0.001865</td>\n",
       "      <td>0.017388</td>\n",
       "      <td>-0.007494</td>\n",
       "      <td>-0.139605</td>\n",
       "    </tr>\n",
       "    <tr>\n",
       "      <th>price</th>\n",
       "      <td>-0.101279</td>\n",
       "      <td>-0.015644</td>\n",
       "      <td>1.000000</td>\n",
       "      <td>0.305106</td>\n",
       "      <td>0.524335</td>\n",
       "      <td>0.703540</td>\n",
       "      <td>0.086803</td>\n",
       "      <td>0.256985</td>\n",
       "      <td>0.275779</td>\n",
       "      <td>0.395485</td>\n",
       "      <td>0.036099</td>\n",
       "      <td>0.666215</td>\n",
       "      <td>0.607760</td>\n",
       "      <td>0.323312</td>\n",
       "      <td>0.056450</td>\n",
       "      <td>0.117770</td>\n",
       "      <td>0.302394</td>\n",
       "      <td>0.019327</td>\n",
       "      <td>0.585567</td>\n",
       "      <td>0.081423</td>\n",
       "    </tr>\n",
       "    <tr>\n",
       "      <th>bedrooms</th>\n",
       "      <td>0.016303</td>\n",
       "      <td>-0.001529</td>\n",
       "      <td>0.305106</td>\n",
       "      <td>1.000000</td>\n",
       "      <td>0.507867</td>\n",
       "      <td>0.570428</td>\n",
       "      <td>0.029375</td>\n",
       "      <td>0.172975</td>\n",
       "      <td>-0.008581</td>\n",
       "      <td>0.079741</td>\n",
       "      <td>0.025266</td>\n",
       "      <td>0.354679</td>\n",
       "      <td>0.472492</td>\n",
       "      <td>0.300085</td>\n",
       "      <td>0.153769</td>\n",
       "      <td>0.013679</td>\n",
       "      <td>-0.002170</td>\n",
       "      <td>0.124279</td>\n",
       "      <td>0.387589</td>\n",
       "      <td>0.026665</td>\n",
       "    </tr>\n",
       "    <tr>\n",
       "      <th>bathrooms</th>\n",
       "      <td>-0.057795</td>\n",
       "      <td>0.003833</td>\n",
       "      <td>0.524335</td>\n",
       "      <td>0.507867</td>\n",
       "      <td>1.000000</td>\n",
       "      <td>0.755270</td>\n",
       "      <td>0.085470</td>\n",
       "      <td>0.497967</td>\n",
       "      <td>0.065848</td>\n",
       "      <td>0.188817</td>\n",
       "      <td>-0.122976</td>\n",
       "      <td>0.664191</td>\n",
       "      <td>0.686853</td>\n",
       "      <td>0.282700</td>\n",
       "      <td>0.507761</td>\n",
       "      <td>0.048140</td>\n",
       "      <td>0.023074</td>\n",
       "      <td>0.221308</td>\n",
       "      <td>0.568080</td>\n",
       "      <td>0.086499</td>\n",
       "    </tr>\n",
       "    <tr>\n",
       "      <th>sqft_living</th>\n",
       "      <td>-0.091031</td>\n",
       "      <td>-0.014251</td>\n",
       "      <td>0.703540</td>\n",
       "      <td>0.570428</td>\n",
       "      <td>0.755270</td>\n",
       "      <td>1.000000</td>\n",
       "      <td>0.166810</td>\n",
       "      <td>0.357169</td>\n",
       "      <td>0.109738</td>\n",
       "      <td>0.283336</td>\n",
       "      <td>-0.061530</td>\n",
       "      <td>0.762929</td>\n",
       "      <td>0.876696</td>\n",
       "      <td>0.435529</td>\n",
       "      <td>0.319397</td>\n",
       "      <td>0.051448</td>\n",
       "      <td>0.052646</td>\n",
       "      <td>0.234453</td>\n",
       "      <td>0.755066</td>\n",
       "      <td>0.179570</td>\n",
       "    </tr>\n",
       "    <tr>\n",
       "      <th>sqft_lot</th>\n",
       "      <td>-0.153364</td>\n",
       "      <td>-0.129837</td>\n",
       "      <td>0.086803</td>\n",
       "      <td>0.029375</td>\n",
       "      <td>0.085470</td>\n",
       "      <td>0.166810</td>\n",
       "      <td>1.000000</td>\n",
       "      <td>-0.002205</td>\n",
       "      <td>0.015356</td>\n",
       "      <td>0.073058</td>\n",
       "      <td>-0.013715</td>\n",
       "      <td>0.110320</td>\n",
       "      <td>0.180755</td>\n",
       "      <td>0.008065</td>\n",
       "      <td>0.054228</td>\n",
       "      <td>0.004520</td>\n",
       "      <td>-0.082029</td>\n",
       "      <td>0.226190</td>\n",
       "      <td>0.136959</td>\n",
       "      <td>0.701875</td>\n",
       "    </tr>\n",
       "    <tr>\n",
       "      <th>floors</th>\n",
       "      <td>-0.026913</td>\n",
       "      <td>0.017126</td>\n",
       "      <td>0.256985</td>\n",
       "      <td>0.172975</td>\n",
       "      <td>0.497967</td>\n",
       "      <td>0.357169</td>\n",
       "      <td>-0.002205</td>\n",
       "      <td>1.000000</td>\n",
       "      <td>0.025132</td>\n",
       "      <td>0.025883</td>\n",
       "      <td>-0.259230</td>\n",
       "      <td>0.458984</td>\n",
       "      <td>0.528509</td>\n",
       "      <td>-0.247481</td>\n",
       "      <td>0.483657</td>\n",
       "      <td>0.005985</td>\n",
       "      <td>0.048227</td>\n",
       "      <td>0.128795</td>\n",
       "      <td>0.283933</td>\n",
       "      <td>-0.008170</td>\n",
       "    </tr>\n",
       "    <tr>\n",
       "      <th>waterfront</th>\n",
       "      <td>-0.041528</td>\n",
       "      <td>0.000101</td>\n",
       "      <td>0.275779</td>\n",
       "      <td>-0.008581</td>\n",
       "      <td>0.065848</td>\n",
       "      <td>0.109738</td>\n",
       "      <td>0.015356</td>\n",
       "      <td>0.025132</td>\n",
       "      <td>1.000000</td>\n",
       "      <td>0.407565</td>\n",
       "      <td>0.009608</td>\n",
       "      <td>0.092234</td>\n",
       "      <td>0.077162</td>\n",
       "      <td>0.083433</td>\n",
       "      <td>-0.021981</td>\n",
       "      <td>0.094268</td>\n",
       "      <td>-0.013331</td>\n",
       "      <td>-0.042728</td>\n",
       "      <td>0.091090</td>\n",
       "      <td>0.026895</td>\n",
       "    </tr>\n",
       "    <tr>\n",
       "      <th>view</th>\n",
       "      <td>-0.094833</td>\n",
       "      <td>0.012594</td>\n",
       "      <td>0.395485</td>\n",
       "      <td>0.079741</td>\n",
       "      <td>0.188817</td>\n",
       "      <td>0.283336</td>\n",
       "      <td>0.073058</td>\n",
       "      <td>0.025883</td>\n",
       "      <td>0.407565</td>\n",
       "      <td>1.000000</td>\n",
       "      <td>0.045060</td>\n",
       "      <td>0.249554</td>\n",
       "      <td>0.164747</td>\n",
       "      <td>0.279939</td>\n",
       "      <td>-0.049593</td>\n",
       "      <td>0.091291</td>\n",
       "      <td>0.003820</td>\n",
       "      <td>-0.077572</td>\n",
       "      <td>0.279999</td>\n",
       "      <td>0.073185</td>\n",
       "    </tr>\n",
       "    <tr>\n",
       "      <th>condition</th>\n",
       "      <td>0.042208</td>\n",
       "      <td>-0.014272</td>\n",
       "      <td>0.036099</td>\n",
       "      <td>0.025266</td>\n",
       "      <td>-0.122976</td>\n",
       "      <td>-0.061530</td>\n",
       "      <td>-0.013715</td>\n",
       "      <td>-0.259230</td>\n",
       "      <td>0.009608</td>\n",
       "      <td>0.045060</td>\n",
       "      <td>1.000000</td>\n",
       "      <td>-0.142066</td>\n",
       "      <td>-0.157466</td>\n",
       "      <td>0.166923</td>\n",
       "      <td>-0.358921</td>\n",
       "      <td>-0.060969</td>\n",
       "      <td>-0.009927</td>\n",
       "      <td>-0.109200</td>\n",
       "      <td>-0.094307</td>\n",
       "      <td>-0.007125</td>\n",
       "    </tr>\n",
       "    <tr>\n",
       "      <th>grade</th>\n",
       "      <td>-0.066886</td>\n",
       "      <td>0.003163</td>\n",
       "      <td>0.666215</td>\n",
       "      <td>0.354679</td>\n",
       "      <td>0.664191</td>\n",
       "      <td>0.762929</td>\n",
       "      <td>0.110320</td>\n",
       "      <td>0.458984</td>\n",
       "      <td>0.092234</td>\n",
       "      <td>0.249554</td>\n",
       "      <td>-0.142066</td>\n",
       "      <td>1.000000</td>\n",
       "      <td>0.758247</td>\n",
       "      <td>0.165003</td>\n",
       "      <td>0.448003</td>\n",
       "      <td>0.007988</td>\n",
       "      <td>0.116196</td>\n",
       "      <td>0.198369</td>\n",
       "      <td>0.715745</td>\n",
       "      <td>0.116062</td>\n",
       "    </tr>\n",
       "    <tr>\n",
       "      <th>sqft_above</th>\n",
       "      <td>-0.101441</td>\n",
       "      <td>-0.013932</td>\n",
       "      <td>0.607760</td>\n",
       "      <td>0.472492</td>\n",
       "      <td>0.686853</td>\n",
       "      <td>0.876696</td>\n",
       "      <td>0.180755</td>\n",
       "      <td>0.528509</td>\n",
       "      <td>0.077162</td>\n",
       "      <td>0.164747</td>\n",
       "      <td>-0.157466</td>\n",
       "      <td>0.758247</td>\n",
       "      <td>1.000000</td>\n",
       "      <td>-0.051199</td>\n",
       "      <td>0.424328</td>\n",
       "      <td>0.020413</td>\n",
       "      <td>0.001374</td>\n",
       "      <td>0.338192</td>\n",
       "      <td>0.731077</td>\n",
       "      <td>0.193874</td>\n",
       "    </tr>\n",
       "    <tr>\n",
       "      <th>sqft_basement</th>\n",
       "      <td>0.000837</td>\n",
       "      <td>-0.003516</td>\n",
       "      <td>0.323312</td>\n",
       "      <td>0.300085</td>\n",
       "      <td>0.282700</td>\n",
       "      <td>0.435529</td>\n",
       "      <td>0.008065</td>\n",
       "      <td>-0.247481</td>\n",
       "      <td>0.083433</td>\n",
       "      <td>0.279939</td>\n",
       "      <td>0.166923</td>\n",
       "      <td>0.165003</td>\n",
       "      <td>-0.051199</td>\n",
       "      <td>1.000000</td>\n",
       "      <td>-0.130948</td>\n",
       "      <td>0.068611</td>\n",
       "      <td>0.106727</td>\n",
       "      <td>-0.146112</td>\n",
       "      <td>0.199521</td>\n",
       "      <td>0.010007</td>\n",
       "    </tr>\n",
       "    <tr>\n",
       "      <th>yr_built</th>\n",
       "      <td>-0.034187</td>\n",
       "      <td>0.013697</td>\n",
       "      <td>0.056450</td>\n",
       "      <td>0.153769</td>\n",
       "      <td>0.507761</td>\n",
       "      <td>0.319397</td>\n",
       "      <td>0.054228</td>\n",
       "      <td>0.483657</td>\n",
       "      <td>-0.021981</td>\n",
       "      <td>-0.049593</td>\n",
       "      <td>-0.358921</td>\n",
       "      <td>0.448003</td>\n",
       "      <td>0.424328</td>\n",
       "      <td>-0.130948</td>\n",
       "      <td>1.000000</td>\n",
       "      <td>-0.222668</td>\n",
       "      <td>-0.145220</td>\n",
       "      <td>0.407768</td>\n",
       "      <td>0.332340</td>\n",
       "      <td>0.076624</td>\n",
       "    </tr>\n",
       "    <tr>\n",
       "      <th>yr_renovated</th>\n",
       "      <td>-0.027860</td>\n",
       "      <td>-0.019560</td>\n",
       "      <td>0.117770</td>\n",
       "      <td>0.013679</td>\n",
       "      <td>0.048140</td>\n",
       "      <td>0.051448</td>\n",
       "      <td>0.004520</td>\n",
       "      <td>0.005985</td>\n",
       "      <td>0.094268</td>\n",
       "      <td>0.091291</td>\n",
       "      <td>-0.060969</td>\n",
       "      <td>0.007988</td>\n",
       "      <td>0.020413</td>\n",
       "      <td>0.068611</td>\n",
       "      <td>-0.222668</td>\n",
       "      <td>1.000000</td>\n",
       "      <td>0.027804</td>\n",
       "      <td>-0.061159</td>\n",
       "      <td>-0.010221</td>\n",
       "      <td>0.004489</td>\n",
       "    </tr>\n",
       "    <tr>\n",
       "      <th>lat</th>\n",
       "      <td>-0.017963</td>\n",
       "      <td>-0.001865</td>\n",
       "      <td>0.302394</td>\n",
       "      <td>-0.002170</td>\n",
       "      <td>0.023074</td>\n",
       "      <td>0.052646</td>\n",
       "      <td>-0.082029</td>\n",
       "      <td>0.048227</td>\n",
       "      <td>-0.013331</td>\n",
       "      <td>0.003820</td>\n",
       "      <td>-0.009927</td>\n",
       "      <td>0.116196</td>\n",
       "      <td>0.001374</td>\n",
       "      <td>0.106727</td>\n",
       "      <td>-0.145220</td>\n",
       "      <td>0.027804</td>\n",
       "      <td>1.000000</td>\n",
       "      <td>-0.131514</td>\n",
       "      <td>0.054175</td>\n",
       "      <td>-0.086265</td>\n",
       "    </tr>\n",
       "    <tr>\n",
       "      <th>long</th>\n",
       "      <td>-0.212644</td>\n",
       "      <td>0.017388</td>\n",
       "      <td>0.019327</td>\n",
       "      <td>0.124279</td>\n",
       "      <td>0.221308</td>\n",
       "      <td>0.234453</td>\n",
       "      <td>0.226190</td>\n",
       "      <td>0.128795</td>\n",
       "      <td>-0.042728</td>\n",
       "      <td>-0.077572</td>\n",
       "      <td>-0.109200</td>\n",
       "      <td>0.198369</td>\n",
       "      <td>0.338192</td>\n",
       "      <td>-0.146112</td>\n",
       "      <td>0.407768</td>\n",
       "      <td>-0.061159</td>\n",
       "      <td>-0.131514</td>\n",
       "      <td>1.000000</td>\n",
       "      <td>0.327882</td>\n",
       "      <td>0.253981</td>\n",
       "    </tr>\n",
       "    <tr>\n",
       "      <th>sqft_living15</th>\n",
       "      <td>-0.097630</td>\n",
       "      <td>-0.007494</td>\n",
       "      <td>0.585567</td>\n",
       "      <td>0.387589</td>\n",
       "      <td>0.568080</td>\n",
       "      <td>0.755066</td>\n",
       "      <td>0.136959</td>\n",
       "      <td>0.283933</td>\n",
       "      <td>0.091090</td>\n",
       "      <td>0.279999</td>\n",
       "      <td>-0.094307</td>\n",
       "      <td>0.715745</td>\n",
       "      <td>0.731077</td>\n",
       "      <td>0.199521</td>\n",
       "      <td>0.332340</td>\n",
       "      <td>-0.010221</td>\n",
       "      <td>0.054175</td>\n",
       "      <td>0.327882</td>\n",
       "      <td>1.000000</td>\n",
       "      <td>0.178533</td>\n",
       "    </tr>\n",
       "    <tr>\n",
       "      <th>sqft_lot15</th>\n",
       "      <td>-0.181489</td>\n",
       "      <td>-0.139605</td>\n",
       "      <td>0.081423</td>\n",
       "      <td>0.026665</td>\n",
       "      <td>0.086499</td>\n",
       "      <td>0.179570</td>\n",
       "      <td>0.701875</td>\n",
       "      <td>-0.008170</td>\n",
       "      <td>0.026895</td>\n",
       "      <td>0.073185</td>\n",
       "      <td>-0.007125</td>\n",
       "      <td>0.116062</td>\n",
       "      <td>0.193874</td>\n",
       "      <td>0.010007</td>\n",
       "      <td>0.076624</td>\n",
       "      <td>0.004489</td>\n",
       "      <td>-0.086265</td>\n",
       "      <td>0.253981</td>\n",
       "      <td>0.178533</td>\n",
       "      <td>1.000000</td>\n",
       "    </tr>\n",
       "  </tbody>\n",
       "</table>\n",
       "</div>"
      ],
      "text/plain": [
       "               population        id     price  bedrooms  bathrooms  \\\n",
       "population       1.000000  0.035476 -0.101279  0.016303  -0.057795   \n",
       "id               0.035476  1.000000 -0.015644 -0.001529   0.003833   \n",
       "price           -0.101279 -0.015644  1.000000  0.305106   0.524335   \n",
       "bedrooms         0.016303 -0.001529  0.305106  1.000000   0.507867   \n",
       "bathrooms       -0.057795  0.003833  0.524335  0.507867   1.000000   \n",
       "sqft_living     -0.091031 -0.014251  0.703540  0.570428   0.755270   \n",
       "sqft_lot        -0.153364 -0.129837  0.086803  0.029375   0.085470   \n",
       "floors          -0.026913  0.017126  0.256985  0.172975   0.497967   \n",
       "waterfront      -0.041528  0.000101  0.275779 -0.008581   0.065848   \n",
       "view            -0.094833  0.012594  0.395485  0.079741   0.188817   \n",
       "condition        0.042208 -0.014272  0.036099  0.025266  -0.122976   \n",
       "grade           -0.066886  0.003163  0.666215  0.354679   0.664191   \n",
       "sqft_above      -0.101441 -0.013932  0.607760  0.472492   0.686853   \n",
       "sqft_basement    0.000837 -0.003516  0.323312  0.300085   0.282700   \n",
       "yr_built        -0.034187  0.013697  0.056450  0.153769   0.507761   \n",
       "yr_renovated    -0.027860 -0.019560  0.117770  0.013679   0.048140   \n",
       "lat             -0.017963 -0.001865  0.302394 -0.002170   0.023074   \n",
       "long            -0.212644  0.017388  0.019327  0.124279   0.221308   \n",
       "sqft_living15   -0.097630 -0.007494  0.585567  0.387589   0.568080   \n",
       "sqft_lot15      -0.181489 -0.139605  0.081423  0.026665   0.086499   \n",
       "\n",
       "               sqft_living  sqft_lot    floors  waterfront      view  \\\n",
       "population       -0.091031 -0.153364 -0.026913   -0.041528 -0.094833   \n",
       "id               -0.014251 -0.129837  0.017126    0.000101  0.012594   \n",
       "price             0.703540  0.086803  0.256985    0.275779  0.395485   \n",
       "bedrooms          0.570428  0.029375  0.172975   -0.008581  0.079741   \n",
       "bathrooms         0.755270  0.085470  0.497967    0.065848  0.188817   \n",
       "sqft_living       1.000000  0.166810  0.357169    0.109738  0.283336   \n",
       "sqft_lot          0.166810  1.000000 -0.002205    0.015356  0.073058   \n",
       "floors            0.357169 -0.002205  1.000000    0.025132  0.025883   \n",
       "waterfront        0.109738  0.015356  0.025132    1.000000  0.407565   \n",
       "view              0.283336  0.073058  0.025883    0.407565  1.000000   \n",
       "condition        -0.061530 -0.013715 -0.259230    0.009608  0.045060   \n",
       "grade             0.762929  0.110320  0.458984    0.092234  0.249554   \n",
       "sqft_above        0.876696  0.180755  0.528509    0.077162  0.164747   \n",
       "sqft_basement     0.435529  0.008065 -0.247481    0.083433  0.279939   \n",
       "yr_built          0.319397  0.054228  0.483657   -0.021981 -0.049593   \n",
       "yr_renovated      0.051448  0.004520  0.005985    0.094268  0.091291   \n",
       "lat               0.052646 -0.082029  0.048227   -0.013331  0.003820   \n",
       "long              0.234453  0.226190  0.128795   -0.042728 -0.077572   \n",
       "sqft_living15     0.755066  0.136959  0.283933    0.091090  0.279999   \n",
       "sqft_lot15        0.179570  0.701875 -0.008170    0.026895  0.073185   \n",
       "\n",
       "               condition     grade  sqft_above  sqft_basement  yr_built  \\\n",
       "population      0.042208 -0.066886   -0.101441       0.000837 -0.034187   \n",
       "id             -0.014272  0.003163   -0.013932      -0.003516  0.013697   \n",
       "price           0.036099  0.666215    0.607760       0.323312  0.056450   \n",
       "bedrooms        0.025266  0.354679    0.472492       0.300085  0.153769   \n",
       "bathrooms      -0.122976  0.664191    0.686853       0.282700  0.507761   \n",
       "sqft_living    -0.061530  0.762929    0.876696       0.435529  0.319397   \n",
       "sqft_lot       -0.013715  0.110320    0.180755       0.008065  0.054228   \n",
       "floors         -0.259230  0.458984    0.528509      -0.247481  0.483657   \n",
       "waterfront      0.009608  0.092234    0.077162       0.083433 -0.021981   \n",
       "view            0.045060  0.249554    0.164747       0.279939 -0.049593   \n",
       "condition       1.000000 -0.142066   -0.157466       0.166923 -0.358921   \n",
       "grade          -0.142066  1.000000    0.758247       0.165003  0.448003   \n",
       "sqft_above     -0.157466  0.758247    1.000000      -0.051199  0.424328   \n",
       "sqft_basement   0.166923  0.165003   -0.051199       1.000000 -0.130948   \n",
       "yr_built       -0.358921  0.448003    0.424328      -0.130948  1.000000   \n",
       "yr_renovated   -0.060969  0.007988    0.020413       0.068611 -0.222668   \n",
       "lat            -0.009927  0.116196    0.001374       0.106727 -0.145220   \n",
       "long           -0.109200  0.198369    0.338192      -0.146112  0.407768   \n",
       "sqft_living15  -0.094307  0.715745    0.731077       0.199521  0.332340   \n",
       "sqft_lot15     -0.007125  0.116062    0.193874       0.010007  0.076624   \n",
       "\n",
       "               yr_renovated       lat      long  sqft_living15  sqft_lot15  \n",
       "population        -0.027860 -0.017963 -0.212644      -0.097630   -0.181489  \n",
       "id                -0.019560 -0.001865  0.017388      -0.007494   -0.139605  \n",
       "price              0.117770  0.302394  0.019327       0.585567    0.081423  \n",
       "bedrooms           0.013679 -0.002170  0.124279       0.387589    0.026665  \n",
       "bathrooms          0.048140  0.023074  0.221308       0.568080    0.086499  \n",
       "sqft_living        0.051448  0.052646  0.234453       0.755066    0.179570  \n",
       "sqft_lot           0.004520 -0.082029  0.226190       0.136959    0.701875  \n",
       "floors             0.005985  0.048227  0.128795       0.283933   -0.008170  \n",
       "waterfront         0.094268 -0.013331 -0.042728       0.091090    0.026895  \n",
       "view               0.091291  0.003820 -0.077572       0.279999    0.073185  \n",
       "condition         -0.060969 -0.009927 -0.109200      -0.094307   -0.007125  \n",
       "grade              0.007988  0.116196  0.198369       0.715745    0.116062  \n",
       "sqft_above         0.020413  0.001374  0.338192       0.731077    0.193874  \n",
       "sqft_basement      0.068611  0.106727 -0.146112       0.199521    0.010007  \n",
       "yr_built          -0.222668 -0.145220  0.407768       0.332340    0.076624  \n",
       "yr_renovated       1.000000  0.027804 -0.061159      -0.010221    0.004489  \n",
       "lat                0.027804  1.000000 -0.131514       0.054175   -0.086265  \n",
       "long              -0.061159 -0.131514  1.000000       0.327882    0.253981  \n",
       "sqft_living15     -0.010221  0.054175  0.327882       1.000000    0.178533  \n",
       "sqft_lot15         0.004489 -0.086265  0.253981       0.178533    1.000000  "
      ]
     },
     "execution_count": 501,
     "metadata": {},
     "output_type": "execute_result"
    }
   ],
   "source": [
    "kc_df.corr()"
   ]
  },
  {
   "cell_type": "code",
   "execution_count": 502,
   "metadata": {},
   "outputs": [
    {
     "data": {
      "text/html": [
       "<div>\n",
       "<style scoped>\n",
       "    .dataframe tbody tr th:only-of-type {\n",
       "        vertical-align: middle;\n",
       "    }\n",
       "\n",
       "    .dataframe tbody tr th {\n",
       "        vertical-align: top;\n",
       "    }\n",
       "\n",
